Row: Percentage CV
Column: PredictionLength
Chart: windowLength

averages = Average Difference between index estimated by cross-validation and actual minimum realized risk

bestPercentage = index of best percentage for cross-validation
0 = not tested
1 = 3.33%
2 = 6.66%
3 = 10%
4 = 16.66%
5 = 20%
6 = 33.33%

averages(:,:,3) =

   1.0e-03 *

  Columns 1 through 3

   0.004090422344115   0.041731199401825   0.047362613427805
   0.027611166648308   0.041480332580085   0.042726973893040
   0.026799085637891   0.040011705206861   0.041636760786420
   0.024916968386440   0.036814316155438   0.023812868650547
   0.022963920446112   0.025186664395209   0.019705603731234
   0.016366695914132   0.008016924317591   0.006787684394298

  Columns 4 through 6

   0.058198241872128   0.092113549911003   0.123286006684366
   0.053376541953550   0.084141348335890   0.114769047306087
   0.051441665739704   0.080824464837994   0.110116220913037
   0.029143982656650   0.046583432643648   0.065778093719738
   0.023239708404116   0.040166878844534   0.055898659805980
   0.007633515247526   0.011377270789164   0.017349211813680


averages(:,:,4) =

   1.0e-03 *

  Columns 1 through 3

   0.004316018563736   0.034659404935266   0.038512736712652
   0.024971913720636   0.036756875672286   0.035866336337013
   0.024544157584127   0.032566830681808   0.032384767240509
   0.022658776995086   0.033068804213026   0.017194770940888
   0.021650463570941   0.023128937543381   0.017818247624278
   0.017564949387314   0.006202237520977   0.006832080298686

  Columns 4 through 6

   0.047989103981493   0.076749725544260   0.102815995770250
   0.047247514942586   0.075869214582342   0.101109242738039
   0.043796447929500   0.069509178856309   0.092100399307624
   0.015950638877630   0.023237150228352   0.030753337986826
   0.009312885875051   0.013869905213091   0.021375460679077
   0.007795200877168   0.012182881698997   0.020238197184269


averages(:,:,5) =

   1.0e-04 *

  Columns 1 through 3

   0.039544692044464   0.280826793254186   0.297856368207427
   0.161067823163030   0.281152435934399   0.285615853400313
   0.156484220455446   0.266885580358085   0.250906407495235
   0.150740533496010   0.224027785770943   0.167450152266861
   0.148870604123971   0.191732251590191   0.180048505673822
   0.119985336385105   0.056297072221075   0.075068667922687

  Columns 4 through 6

   0.370803329925562   0.526146352982947   0.773545809315325
   0.376963255491187   0.385048221794720   0.586184847959792
   0.340465808948690   0.283297752598962   0.451974000436176
   0.113638517398312   0.146021605766974   0.176340834616014
   0.090159831466834   0.165856871955259   0.211437248727571
   0.089300676137684   0.110466859618091   0.130134189424228


averages(:,:,6) =

   1.0e-04 *

  Columns 1 through 3

   0.036467561845997   0.178781011297340   0.224076413902704
   0.101006526771475   0.182836897408572   0.214283114508626
   0.099938532669009   0.184345743693430   0.207701625516733
   0.096197941471010   0.159022677947006   0.142063156657698
   0.095564096362693   0.141278623558496   0.150964888449225
   0.088674369566801   0.065395265734485   0.082948074279488

  Columns 4 through 6

   0.305726327676768   0.387420068207146   0.530144441112151
   0.300610634818122   0.320742799947990   0.456140075910809
   0.258286441711416   0.246343374781185   0.278909832628720
   0.115495772512713   0.094131757127846   0.198827835409614
   0.121393927349866   0.124579290881534   0.155839590876320
   0.116912991904029   0.097751819625773   0.126396732154407

bestPercentage =

     0     0     0     0     0     0
     0     0     0     0     0     0
     1     6     6     6     6     6
     1     6     6     6     6     6
     1     6     6     6     6     6
     1     6     6     4     4     6